0 ../image/1.png 32 0.018750 0.034722 0.403906 0.436806 32 0.015625 0.023611 0.720313 0.636806 32 0.016406 0.029167 0.747266 0.639583
1 ../image/10.png 32 0.024219 0.043056 0.312891 0.628472 32 0.014844 0.025000 0.719922 0.637500 32 0.014844 0.029167 0.748047 0.638194
2 ../image/100.png 32 0.018750 0.029167 0.435156 0.160417 32 0.015625 0.025000 0.720313 0.637500 32 0.017969 0.027778 0.748047 0.638889
3 ../image/101.png 32 0.017969 0.030556 0.454297 0.181944 32 0.015625 0.026389 0.719531 0.636806 32 0.016406 0.026389 0.748047 0.638194
4 ../image/102.png 32 0.022656 0.033333 0.459766 0.193056 32 0.015625 0.031944 0.720313 0.636806 32 0.017188 0.027778 0.747656 0.638889
5 ../image/103.png 32 0.017188 0.030556 0.475781 0.226389 32 0.015625 0.027778 0.720313 0.637500 32 0.017969 0.027778 0.748047 0.640278
6 ../image/104.png 32 0.017188 0.029167 0.492188 0.268750 32 0.014844 0.030556 0.719922 0.637500 32 0.016406 0.026389 0.748047 0.638194
7 ../image/105.png 32 0.015625 0.027778 0.491406 0.269444 32 0.015625 0.029167 0.719531 0.638194 32 0.014063 0.026389 0.746875 0.639583
8 ../image/106.png 32 0.015625 0.025000 0.504687 0.319444 32 0.016406 0.026389 0.720703 0.636806 32 0.017188 0.026389 0.747656 0.638194
9 ../image/107.png 32 0.014063 0.025000 0.507031 0.337500 32 0.014844 0.027778 0.719922 0.637500 32 0.017969 0.027778 0.748047 0.637500
10 ../image/135.png 32 0.017969 0.029167 0.478516 0.625694 32 0.014844 0.027778 0.719922 0.637500 32 0.015625 0.027778 0.747656 0.640278
11 ../image/139.png 32 0.019531 0.034722 0.472266 0.539583 32 0.016406 0.029167 0.719922 0.638194 32 0.015625 0.026389 0.747656 0.639583
12 ../image/197.png 32 0.015625 0.025000 0.517188 0.306944 32 0.015625 0.025000 0.720313 0.637500 32 0.017969 0.027778 0.748047 0.638889
13 ../image/2.png 32 0.022656 0.041667 0.389453 0.468056 32 0.016406 0.027778 0.720703 0.638889 32 0.019531 0.027778 0.748828 0.638889
14 ../image/201.png 32 0.016406 0.027778 0.508203 0.320833 32 0.015625 0.026389 0.719531 0.636806 32 0.015625 0.025000 0.747656 0.637500
15 ../image/211.png 32 0.017188 0.031944 0.507031 0.374306 32 0.016406 0.027778 0.720703 0.637500 32 0.014844 0.027778 0.747266 0.638889
